part|carga|massa| x | y |vx |vy |ax |ay |m
------------------------------------------
0   |1    |1    |-1 |0  |0  |0  |0  |0  |F
1   |1    |1    |1  |0  |0  |0  |0  |0  |F
2   |1    |1    |0  |-1 |0  |0  |0  |0  |F
3   |1    |1    |0  |1  |0  |0  |0  |0  |F
4   |-1   |1    |-.5|0  |0  |0  |0  |0  |T
5   |-1   |1    |0  |.5 |0  |0  |0  |0  |T
.01		5000


part|carga|massa| x | y |vx |vy |ax |ay |m
------------------------------------------
0   |1    |1    |0  |0  |0  |0  |0  |0  |F
1   |1    |1    |1  |0  |0  |0  |0  |0  |F
2   |1    |1    |.5 |.5 |0  |0  |0  |0  |F
3   |1    |1    |.5 |-.5|0  |0  |0  |0  |F
4   |-1   |1    |.3 |0  |0  |0  |0  |0  |F
5   |-1   |1    |.5 |.3 |0  |0  |0  |0  |T
.01		9000